# train, validation setting for each model
---
wsss:
  side_length: 224
  stride: 75
  num_class: 3
  mean: [0.678,0.505,0.735]
  std: [0.144,0.208,0.174]

warwick:
  side_length: 112
  stride: 56
  num_class: 2
  mean: [0.7874125, 0.5111791, 0.78513485]
  std: [0.16730751, 0.2480551, 0.13132982]

crag:
  side_length: 112
  stride: 56
  num_class: 2
  mean: [0, 0, 0]
  std: [0, 0, 0]

network_image_size: 224
scales: [1, 1.25, 1.5, 1.75, 2]